1	2   0.01904	0.00835664	3.52E-06	0	3.52E-06	0	1	207	0.07
2	3	0.099	0.00424115	0.71E-06	0	0.71E-06    0	1	44	0.03
2	4	0.00952	0.00417832	1.76E-06	0	1.76E-06    0	1	207	0.035
4	5	0.0234	0.00376991	0.99E-06	0	0.99E-06    0	1	108	0.03
4	6	0.12705	0.01385442	3.80E-06	0	3.80E-06    0	1	82	0.105
6	7	0.0363	0.00395841	2.08E-06	0	2.08E-06    0	1	82	0.03
4	8	0.03878	0.00857655	2.86E-06	0	2.86E-06    0	1	135	0.07
8	9	0.00816	0.00358142	1.51E-06	0	1.51E-06    0	1	207	0.03
8	10	0.12705	0.01385442	7.59E-06    0   7.59E-06    0   1   82	0.105
10	11	0.099	0.00424115	0.71E-06	0   0.71E-06    0	1	44	0.03
10	12	0.04235	0.00461814	1.27E-06	0	1.27E-06    0	1	82	0.035
12	13	0.0363	0.00395841	1.08E-06    0	1.08E-06    0	1	82	0.03
7	14	0.02964	0.00477522	2.75E-06   	0	2.75E-06    0	1	108	0.038
9	15	0.00816 0.003581416	1.51E-06	0	1.51E-06    0	1  100 0.05
13	16	0.00816 0.003581416	1.51E-06	0	1.51E-06    0	1  100 0.05
11	17	0.00816 0.003581416	1.51E-06	0	1.51E-06    0	1  100 0.05
7	18	0.00816 0.003581416	1.51E-06	0	1.51E-06    0	1  100 0.05
15	19	0.0986  0.2823  0.0209745	 0.00034447   0.01048726	   0.00017223	   1  100 1
16	20	0.0986  0.2823  0.0209745	 0.00034447   0.01048726	   0.00017223	   1  100 1
17	21	0.0986  0.2823  0.0209745	 0.00034447   0.01048726	   0.00017223	   1  100 1
18	22	0.0986  0.2823  0.0209745	 0.00034447   0.01048726	   0.00017223	   1  100 1