87	92	0.01	0       0       1	100	1
87	93	0.025	0       0       1	100	1
88	89	0.015	0       0       1	100	1
88	90	0.015	0       0       1	100	1
89	93	0.01	0       0       1	100	1
90	93	0.015	0       0       1	100	1
91	92	0.015	0       0       1	100	1
94	87  0.01	1e-08	1e-08	1	100	1
95	88  0.01	1e-08	1e-08	1	100	1
96	89  0.01	1e-08	1e-08	1	100	1
97	90  0.01	1e-08	1e-08	1	100	1
98	91  0.01	1e-08	1e-08	1	100	1
81	82	0.01	0       0       1	100	1
82	83	0.01	0       0       1	100	1
83	81	0.02	0       0       1	100	1
84	81  0.01	1e-08	1e-08	1	100	1
85	82  0.01	1e-08	1e-08	1	100	1
86	83  0.01	1e-08	1e-08	1	100	1

